30 97 01 00 30 2f 73 79 73 2f 61 31 69 54 75 51 45 76 31 55 
36 2f 64 65 76 31 2f 74 68 69 6e 67 2f 73 65 72 76 69 63 65 
2f 70 72 6f 70 65 72 74 79 2f 73 65 74 7b 22 6d 65 74 68 6f 
64 22 3a 22 74 68 69 6e 67 2e 73 65 72 76 69 63 65 2e 70 72 
6f 70 65 72 74 79 2e 73 65 74 22 2c 22 69 64 22 3a 22 33 35 
34 38 38 39 38 38 34 22 2c 22 70 61 72 61 6d 73 22 3a 7b 22 
4c 69 67 68 74 53 77 69 74 63 68 22 3a 30 7d 2c 22 76 65 72 
73 69 6f 6e 22 3a 22 31 2e 30 2e 30 22 7d




30 98 01 00 30 2f 73 79 73 2f 61 31 69 54 75 51 45 76 31 55 
36 2f 64 65 76 31 2f 74 68 69 6e 67 2f 73 65 72 76 69 63 65 
2f 70 72 6f 70 65 72 74 79 2f 73 65 74 7b 22 6d 65 74 68 6f 
64 22 3a 22 74 68 69 6e 67 2e 73 65 72 76 69 63 65 2e 70 72 
6f 70 65 72 74 79 2e 73 65 74 22 2c 22 69 64 22 3a 22 32 30 
33 37 35 30 34 32 38 32 22 2c 22 70 61 72 61 6d 73 22 3a 7b 
22 4c 69 67 68 74 53 77 69 74 63 68 22 3a 31 7d 2c 22 76 65 
72 73 69 6f 6e 22 3a 22 31 2e 30 2e 30 22 7d

00 30 : 48

2f 73 79 73 2f 61 31 69 54 75 51 45 76 31 55 36 2f 64 65 76 
31 2f 74 68 69 6e 67 2f 73 65 72 76 69 63 65 2f 70 72 6f 70 
65 72 74 79 2f 73 65 74